1111111111111111111111111
1111111111111111111111111
1111111111111111111111111
1110000000000000000001111
1110000003003003000001111
1110000000000000000001111
1110000000000000000001111
1110000000000000000001111
1110000000000000000001111
1110000000000000000001111
1110000000000000000001111
1110000000000000000001111
1110000000000000000001111
1111110001111110001111111
1111110001111110001111111
1111110001111110001111111
1111110001111110001111111
1111110001111110001111111
1110000000000000000001111
1110000000000000000001111
1110000000000000000001111
1110000000000000000001111
1110000000000000000001111
1110000000000000000001111
1110000000000000000001111
1110000002002002000001111
1110000000000000000001111
1110000000000000000001111
1111111111111111111111111
1111111111111111111111111
1111111111111111111111111
